[[[-0.42776434 -0.58551644 -1.05839271 ... -1.84525395 -1.05839271
   -0.58551644]
  [-0.43072234 -0.58847444 -1.06135071 ... -1.84821195 -1.06135071
   -0.58847444]
  [-0.43564466 -0.59339677 -1.06627304 ... -1.85313427 -1.06627304
   -0.59339677]
  ...
  [-2.10791048 -2.26566258 -2.73853885 ... -3.52540009 -2.73853885
   -2.26566258]
  [-2.1128328  -2.2705849  -2.74346117 ... -3.53032241 -2.74346117
   -2.2705849 ]
  [-2.1157908  -2.2735429  -2.74641917 ... -3.53328041 -2.74641917
   -2.2735429 ]]

 [[-0.43265084 -0.59040294 -1.06327921 ... -1.85014045 -1.06327921
   -0.59040294]
  [-0.43560884 -0.59336094 -1.06623721 ... -1.85309845 -1.06623721
   -0.59336094]
  [-0.44053116 -0.59828327 -1.07115954 ... -1.85802077 -1.07115954
   -0.59828327]
  ...
  [-2.11279698 -2.27054908 -2.74342535 ... -3.53028659 -2.74342535
   -2.27054908]
  [-2.1177193  -2.2754714  -2.74834768 ... -3.53520891 -2.74834768
   -2.2754714 ]
  [-2.1206773  -2.2784294  -2.75130568 ... -3.53816691 -2.75130568
   -2.2784294 ]]

 [[-0.43560055 -0.59335266 -1.06622893 ... -1.85309016 -1.06622893
   -0.59335266]
  [-0.43855855 -0.59631066 -1.06918693 ... -1.85604816 -1.06918693
   -0.59631066]
  [-0.44348088 -0.60123298 -1.07410925 ... -1.86097049 -1.07410925
   -0.60123298]
  ...
  [-2.11574669 -2.2734988  -2.74637507 ... -3.5332363  -2.74637507
   -2.2734988 ]
  [-2.12066902 -2.27842112 -2.75129739 ... -3.53815863 -2.75129739
   -2.27842112]
  [-2.12362702 -2.28137912 -2.75425539 ... -3.54111663 -2.75425539
   -2.28137912]]]